16121,15986,22770
16064,16127,40969
15863,16232,24921
15922,16259,40085
16304,16436,27908
16538,16694,50546
16705,16794,16049
16392,16833,32329
17131,16913,25603
17131,16434,49640
16913,16434,25947
20181,20113,35865
20181,16095,38791
20181,16923,19896
20181,48783,16705
20181,50039,25327
20181,22881,19976
20181,33586,44266
20181,41461,29305
20113,16095,35756
20113,16923,32690
20113,48783,50036
20113,50039,33444
20113,22881,22311
20113,33586,30228
20113,41461,26638
16095,16923,25592
16095,48783,21241
16095,50039,49599
16095,22881,47622
16095,33586,17153
16095,41461,47203
16923,48783,20442
16923,50039,30355
16923,22881,40987
16923,33586,34998
16923,41461,43378
48783,50039,22365
48783,22881,37916
48783,33586,40187
48783,41461,50729
50039,22881,23379
50039,33586,45611
50039,41461,34933
22881,33586,19914
22881,41461,21089
33586,41461,27908
16701,18890,24574
16701,16930,18760
18890,16930,18143
17196,16046,41662
17210,17208,30221
17297,17140,27244
17037,17431,25902
16714,17574,19495
17748,17147,34047
18519,18704,49791
18797,18745,25987
17468,18817,30220
18794,18822,22755
18794,33211,25530
18822,33211,22041
16318,19252,50172
19334,16595,39828
17844,19544,31060
19644,17542,22410
19670,19262,51118
19840,19775,22362
19888,19489,23481
20711,20399,50603
20711,17156,29463
20711,23986,21754
20399,17156,42519
20399,23986,28811
17156,23986,39628
19378,20495,27947
20467,20526,46140
20560,20063,47858
20635,17114,23514
20676,15926,47301
18921,20697,27731
20764,20839,48956
20067,20883,50359
20067,21324,19553
20883,21324,23979
20998,16672,23122
20751,21253,28041
21355,21431,18191
19600,21713,16684
19600,22440,33876
21713,22440,50606
17822,21739,20194
17822,26907,41797
21739,26907,40611
16244,21936,40977
22863,32135,19370
22863,18551,48098
22863,22231,19038
22863,35485,39741
22863,22207,49088
22863,25687,46261
32135,18551,15951
32135,22231,47999
32135,35485,26781
32135,22207,21877
32135,25687,37708
18551,22231,32073
18551,35485,43961
18551,22207,20494
18551,25687,40233
22231,35485,50489
22231,22207,51099
22231,25687,16799
35485,22207,47662
35485,25687,23256
22207,25687,27916
45106,22295,50257
45106,16118,26373
22295,16118,16913
22365,19393,24005
22322,22373,43904
30250,21690,24290
30250,22389,34963
30250,23963,16928
30250,33145,34432
21690,22389,35248
21690,23963,25590
21690,33145,24008
22389,23963,22233
22389,33145,16281
23963,33145,36025
35293,21833,18836
35293,22551,19381
21833,22551,39552
21909,22574,39728
22638,16527,44554
22753,20400,22214
18200,22797,40069
21062,22870,20570
22979,23173,35862
22999,32032,45926
22999,20586,39279
32032,20586,38595
23223,25530,33928
23223,23222,38076
25530,23222,22979
23134,23452,34266
23472,22399,29627
23115,23551,17490
22644,23745,43795
22619,23822,22473
23287,23898,35968
23997,22844,37531
23168,24087,21594
24463,25001,49957
24463,23707,31286
25001,23707,44696
24466,24468,47852
27042,24507,42641
27042,23329,19775
24507,23329,50554
24511,24579,50785
24599,19408,21932
24602,24603,35400
22168,24751,47514
19923,24891,34230
24930,25064,23091
24930,23418,28931
25064,23418,18952
48686,25127,44199
48686,19341,41717
25127,19341,49204
25137,25068,50753
24188,25325,45911
25389,25033,17052
25475,25481,17474
27188,17639,22221
27188,31878,31717
27188,25524,37962
17639,31878,37882
17639,25524,30076
31878,25524,16690
25385,25551,22200
19796,26146,26638
25920,26155,49012
32037,28747,37017
32037,17388,19599
32037,26162,47314
28747,17388,47505
28747,26162,29006
17388,26162,23814
16408,26213,17453
26228,25955,22064
26308,23092,23170
26341,36566,31904
26341,26087,23091
36566,26087,37003
26405,25775,25536
19249,26458,21748
26484,19560,23409
23061,26507,46210
26628,25728,22841
26761,26871,30230
26946,25655,16203
27207,23191,35567
27244,27147,39496
27244,29986,24930
27147,29986,18177
25860,27248,49993
27257,27262,19823
26866,27295,17670
27348,25656,20074
27175,27367,42807
27387,25824,20187
27387,27948,25271
25824,27948,29738
27555,26400,28657
27547,27559,25736
27609,27610,20015
26059,28165,47431
26828,28759,18185
26828,31724,31336
26828,34527,30753
28759,31724,38596
28759,34527,17857
31724,34527,21215
28964,28717,27003
28964,28942,19504
28717,28942,35807
29005,29967,46315
29005,28036,31796
29967,28036,40513
26126,29036,39897
29066,18941,36671
28238,29099,25902
29564,29576,24384
28744,29612,28725
30181,28227,46282
32778,29753,42731
32778,30400,47362
29753,30400,49688
29838,30421,50373
32180,28837,18208
32180,30427,50269
28837,30427,23130
30711,30729,27262
30835,29926,18359
28412,30992,49032
31118,31108,23935
29463,31131,18520
27786,31177,26891
31347,31377,47470
19747,31605,24679
25668,31943,41357
30560,32202,39007
31310,32214,24791
32328,18853,44512
31846,32594,48576
32789,32768,38946
32813,24107,20626
33002,33001,46892
28176,33051,22332
17186,33263,38247
33514,32668,18996
33656,19993,23085
33829,31549,34014
31396,34027,50805
31424,34071,33011
33944,34087,39165
34129,32211,28753
34193,34268,23325
34035,34307,44086
34017,34464,40858
34672,17032,16349
34672,36744,20470
17032,36744,38133
27306,34710,19662
19951,35353,24498
35381,32054,22978
17100,35400,17655
34723,35425,42942
34933,35430,23627
34507,35459,34784
23957,35730,26639
36038,35218,44661
36260,31189,16463
36551,33936,26247
36602,16640,51246
36689,35677,24980
36734,17613,39217
36869,34751,26126
36869,37193,24496
34751,37193,33451
37914,37859,39203
26497,38011,28704
36118,38112,16843
38123,37940,29838
38216,38361,43904
38575,38755,50582
42053,38784,22978
42053,36409,17525
42053,39925,26167
38784,36409,48842
38784,39925,50568
36409,39925,20840
39159,16484,16796
39256,35316,17519
39383,33210,17235
38563,39415,27440
29010,40170,36583
40360,39782,35295
41858,40408,43376
41858,36526,45105
40408,36526,15987
40820,39713,29392
39918,41829,29076
39918,42491,35035
41829,42491,35057
41945,34742,16663
42028,41910,17794
42250,39219,23282
31792,42316,16254
42421,42422,27946
42426,37936,31117
42731,42730,32674
42835,43263,41860
42583,43412,44467
43515,38536,50519
43539,31171,27772
43966,27765,16431
43977,26771,16757
43713,44050,16900
44081,32383,41402
42048,44251,19009
32821,44520,21936
43697,44565,30922
40024,45083,19949
41635,45214,40205
45979,26346,45151
32684,46277,17687
46378,47126,49123
46378,44738,23510
47126,44738,19775
46449,45223,16836
47326,18671,31813
46232,47801,46339
48195,20936,32515
48197,48019,22403
43970,48957,39375
49405,47712,48772
49484,47931,37001
49563,49610,46369
49824,42477,36267
47209,49959,39985
50230,49742,18182
49143,50582,34432
50680,49378,20199
50702,22240,34932
50906,50901,43511
50931,18356,32594
49061,51242,28144
51319,50308,21604
